8222
9611
7257
574
386
766
496
5367
9853
9327
5050
1921
4440
3663
2437
3439
1037
1075
8146
8562
5239
4457
3780
5584
6647
1790
6790
6324
264
911
1057
7190
6789
639
4846
9181
7946
969
1369
8194
5641
2070
8216
3558
9390
8640
1771
7846
7140
248
1811
798
2505
6085
5975
8268
8175
1375
5541
6263
4693
9387
6406
800
774
2471
2245
7847
9632
8201
3553
3281
4552
4659
9729
8808
9852
7577
56
1204
2184
7366
7962
5545
13
6876
4413
2736
8351
874
4835
4779
2142
8083
4327
4675
8
9341
3253
7828
8172
775
304
1196
1378
2606
5086
448
9529
4162
6118
8623
2417
7413
3678
4219
9563
6852
2750
677
3070
4632
1529
6728
1771
479
1500
2505
7155
8679
5463
7309
9975
2123
8445
7516
9279
1857
5271
2644
7503
2738
1725
4065
6920
5804
4295
3468
7707
8389
2049
2626
2756
4033
734
8358
3652
710
3710
1289
7710
2190
7491
8633
7895
9100
3280
3896
7016
8163
7827
2031
3141
1699
7749
4802
7603
4997
1711
6869
1910
6217
783
5823
3432
893
6891
1150
8145
5265
2453
268
3
314
6208
1073
2309
7076
3682
2536
7875
475
3019
9398
9492
5627
5237
5880
4748
3414
539
4925
1618
2950
9295
7429
6724
1300
9927
7975
986
5753
8328
297
5193
9458
2278
3595
1738
377
7003
1717
9050
2018
3206
2467
3282
5923
2645
8429
3161
984
4726
2300
2729
6325
5338
4074
9855
78
795
4170
5431
6131
2112
5544
5576
304
7391
4865
9452
2916
4162
4726
5027
9216
701
1421
8760
1875
302
4121
6020
6371
3702
3355
353
3662
6839
1241
7345
3554
1471
6461
1185
1018
6452
5185
5208
2266
1488
4939
2405
957
9024
931
3128
2765
7143
5068
1086
5122
3176
2402
2099
4206
691
2145
1588
2937
3599
2183
9315
6793
7722
4043
4398
1845
4173
1709
9281
3497
8308
799
2299
5884
2860
5781
9039
2096
9661
4681
173
5194
1946
4338
240
8931
7174
1350
4440
7246
58
6238
1483
3595
3573
265
439
699
2739
9219
3052
885
2609
4663
4520
9736
8815
9731
8514
5378
9174
8459
6843
3969
861
6001
4882
2648
8423
1651
4439
6500
831
3285
2402
6496
1303
2641
3893
4789
4253
8524
7375
54
4639
138
3666
1371
7440
9317
7368
5052
4859
8762
6674
8448
7112
9541
528
7270
7965
5119
8024
1269
5175
6516
3456
2303
2521
3914
8558
907
8227
7582
5939
3667
3975
2225
3555
7531
3928
1620
2553
6756
9684
415
1688
751
2532
2120
7284
7909
3121
754
850
7
6985
6900
6094
1026
8786
8220
4684
965
6047
6595
5265
4822
5680
6691
7218
2849
879
9798
8317
7634
7640
2401
359
886
6360
2513
853
1181
2234
1717
6095
5219
4798
4252
2898
6943
987
6624
1734
299
2038
1843
4703
885
5844
7928
1367
1541
8300
4790
4508
9104
976
632
3141
2908
9709
41
4235
5206
9137
9166
2310
8368
7325
6164
3750
3071
1036
2652
5619
8292
2403
2916
1975
729
4344
4489
234
5710
839
3609
6574
8548
2963
7949
9708
9835
1099
6263
1566
6839
4222
120
2799
2200
2383
773
1360
1162
6332
8459
7005
4985
5211
7184
6559
6425
2086
156
6195
9814
5018
8281
27
9319
3434
4119
643
5961
9225
9891
7046
8905
6136
6824
82
113
3500
5062
6810
4471
8067
1426
7467
2770
4249
8095
7377
4319
2694
2876
6378
6195
299
2445
5979
1810
4941
8606
1282
1775
4656
9109
4940
8500
87
152
5895
628
3307
1023
1243
4992
8459
3099
565
9159
9635
2407
2340
5025
1888
4750
7127
9550
786
4749
5606
2378
9363
5035
6177
7348
2599
3718
7878
1456
1236
8975
5655
153
1845
9497
1402
3451
745
1949
9075
4016
4433
1890
495
6825
3642
7580
8466
6927
6920
2690
5684
3354
8532
6724
3560
5106
1207
8525
8557
2340
4071
8021
9528
1912
1025
9099
4097
2081
9192
3377
2221
628
6348
2695
3724
573
4655
93
2404
6030
388
6003
1358
6872
9145
1156
6415
2591
2199
1650
5273
4458
4103
19
8595
7017
8471
8989
1735
1850
6318
9710
1211
6332
2188
7679
6738
7557
3717
713
7395
4146
6447
6041
2298
5502
5082
8272
8638
773
5776
62
1923
5384
5101
3552
1456
1699
8145
4407
2324
9693
1203
204
8165
6353
4472
4081
7081
571
5109
2025
1112
9220
3297
1930
6546
6082
2318
9410
8877
1898
4010
8504
9697
8663
1856
5205
4856
2847
6949
1138
1168
9588
8416
3811
2723
6568
4825
9685
5129
6677
1366
3540
3212
3244
1009
6112
4972
1421
9550
5601
2228
1638
844
6728
5389
3807
7417
2952
289
1397
891
1045
1939
1477
6317
6412
5437
9676
5046
7283
4090
8909
4352
1698
4261
4402
7064
4339
4050
8598
2033
7573
7467
8019
7630
1639
4158
136
1392
1699
1237
6173
1692
8233
1141
1273
4289
5278
1612
6260
1576
1284
5540
1801
5885
2636
9581
462
9117
137
314
663
6048
4679
891
4183
8665
6844
8459
7401
4412
6045
2091
9423
1872
1189
878
1928
9973
5681
2998
2023
2727
1103
8351
3090
7107
6649
939
1544
1161
5884
366
2166
595
7038
2474
8396
4581
335
6350
9627
2598
4751
6458
4674
7966
3409
7783
2362
4800
8750
5028
7790
9754
9469
6996
319
186
6497
9318
5655
131
1731
7477
6396
6769
7858
8642
1272
8953
5113
8718
9574
5861
9040
2700
8879
7311
8933
5158
231
1227
8076
5119
6737
3017
5188
1545
4234
11
6333
9384
5924
372
8375
1143
8145
8386
8348
5033
1316
4462
257
4819
8738
5138
8760
88
1342
2954
650
8068
4694
9965
6947
2670
9928
5821
7614
4903
9849
798
7236
552
7831
8100
2591
7532
941
5824
8339
2041
9383
6732
2623
8437
7351
2388
1760
2646
6487
9816
9223
9946
3648
5519
44
760
8011
3342
3875
39
2613
5018
5518
8686
4744
6938
1699
108
4280
4944
2895
5433
1451
6026
7915
4492
9917
596
1743
846
3858
4688
5860
9822
3725
649
4510
4455
2289
2627
9945
5519
550
6167
3347
8866
9615
2383
6331
703
4697
8173
1241
4032
1382
1712
9614
5200
6907
3769
413
6072
5351
75
618
4026
3061
1906
1649
9730
6419
6437
2346
2745
9348
8767
892
9852
6051
2874
432
2909
1929
6189
3992
7576
9857
8871
8975
3913
7530
4172
8098
2764
749
353
8560
20
8528
4098
9694
80
6409
6636
2606
1484
1735
5591
4176
2388
13
1492
2953
9758
2752
7928
9764
2248
980
1687
1639
1279
5266
629
7591
738
9421
9001
8062
2566
8501
5827
3804
5451
8923
2495
6635
8799
1942
3210
9992
9202
9813
420
1695
6042
1606
6119
3030
8984
8439
1751
2716
778
6795
219
5843
4562
1391
2443
6349
2023
7325
3946
1603
9466
4673
5158
2587
4588
4634
1982
986
3934
8883
7555
536
4921
2739
7281
6260
9632
1042
832
6168
1490
5837
5511
6735
8020
9035
4512
5651
1583
848
9106
2107
7733
3330
1482
1925
7114
1515
4987
9505
7745
8543
7129
2831
2388
1902
656
552
792
8252
7034
6499
864
2079
1168
3841
8577
9848
912
1515
38
9190
7441
4029
5076
5847
7427
7730
4705
5793
4634
354
9937
5232
6317
3545
7265
2513
7577
6698
5512
814
6940
4292
8106
1178
9039
435
5679
3680
1987
2794
9011
2903
1647
240
2768
6601
6360
2553
1289
1108
8819
6967
4567
2208
6935
960
8442
7794
2103
7953
6056
1200
3470
5139
9098
5830
5835
5645
5223
5497
1023
4426
7424
9578
5445
6077
8527
2317
3522
562
858
8139
6461
775
2140
8917
5440
1131
5941
9706
9311
3429
1136
394
6953
3480
1478
1931
989
2133
7858
924
415
6354
8101
5545
811
8266
7594
9310
7096
933
5772
9071
3041
9066
7910
1624
2928
658
9852
6176
8076
3006
5913
8340
661
1532
6792
2417
2189
2885
2374
2401
9961
4603
1160
330
7976
3233
585
83
9907
8923
5687
6520
2294
4361
2511
1712
670
2221
7557
9406
1060
2421
297
9029
1433
4821
1110
655
9218
1653
2317
7487
6869
8507
9554
6038
6500
7098
8405
8419
3883
3099
1395
2910
677
3339
6862
8455
9043
1813
346
2026
879
2641
649
4342
4590
2190
8874
7055
1812
3579
7678
7168
2989
5180
9067
9668
5897
139
2868
1527
3895
2574
984
3865
9509
2376
5562
707
1367
434
4034
2013
7782
6026
4242
1279
4555
252
4587
7991
9036
7969
432
6474
342
7814
6619
8030
7773
2334
5008
1735
9455
9770
5375
6512
63
6472
2429
749
5601
3466
2805
9471
6433
4633
1402
7496
393
9
1121
1344
9906
9358
6237
3862
59
144
891
3898
9224
7819
607
955
4716
4889
6622
9485
171
8628
7726
445
1577
5767
3675
7080
823
7445
5067
1929
4111
6396
1412
961
8302
907
2732
4604
673
1986
4465
1554
2835
7656
3595
6219
1238
4211
8543
7382
8688
6003
3701
1243
6536
3808
9260
720
8737
3142
5692
2473
4054
4270
1228
500
5286
1007
1237
1860
3667
8164
7223
1243
6053
2607
8187
5214
5220
94
1624
9076
2726
7150
9050
5247
7894
9070
6704
542
678
1797
2948
8306
4278
7958
4705
1279
6789
6674
592
9445
6855
2351
4643
7488
743
360
3974
2445
7503
7140
5347
9407
423
5852
8917
2448
4938
9111
7055
2667
943
5945
2957
7562
710
7868
507
8891
5921
7388
7781
5225
997
3226
2271
3544
6401
5529
838
5840
6335
1565
8630
4718
936
7285
430
6888
1597
2038
8657
4719
3155
2282
5518
9658
8383
488
8434
432
7890
2326
1772
486
8726
1085
6786
8634
6938
6892
9570
7375
7371
7359
9387
91
7220
6321
7165
1565
1974
2032
8222
290
8123
7200
5183
7433
808
2851
8350
8966
626
2055
3517
3333
82
1232
2163
3488
1131
8456
2946
2450
907
9060
6665
9340
481
4761
1914
7991
4814
1055
6990
12
5983
1252
5720
6081
602
6996
5720
4597
8614
6840
417
5294
2512
2284
5212
3104
475
86
190
8816
4648
4515
2344
554
5719
1332
6686
6640
3501
4378
106
7716
7894
4685
1809
3144
2252
9347
8838
7860
4600
6639
6318
7480
8105
6168
8340
5683
259
6877
9742
6579
8170
421
8368
5021
3423
1691
9935
4799
6058
585
2776
8740
3273
4676
2882
4056
5959
5801
6065
3564
2352
39
4285
3357
820
8125
9555
928
6795
853
2026
3729
1224
5713
5049
8300
641
1188
9334
7643
685
1573
7506
9922
2559
5328
7587
6599
1026
3869
4130
5253
9430
6389
6599
7043
330
3938
4161
2817
4650
8198
5610
611
5435
5407
2763
4689
9908
6569
1772
2701
7456
4245
7934
4070
9985
4905
5484
6445
4167
1607
9823
743
1649
899
4754
5011
9875
9935
8598
8524
4952
2025
2119
2688
2602
599
7486
9986
3089
9810
583
9853
6616
9889
7766
8266
5270
4135
6422
8852
6731
4848
2770
8282
313
8472
9464
6085
1174
1292
6602
6730
4319
5141
8551
546
9166
7394
2490
424
1999
1509
1089
2403
7520
9266
3536
5557
4695
7907
5623
9730
248
8271
962
5925
1591
3708
2351
6976
2283
5426
7509
387
388
7282
6659
9887
3439
7975
4951
7579
551
7500
2289
470
2461
1983
150
494
2795
8036
5833
1809
886
8796
2455
2162
1603
8135
5329
3982
1435
8600
6256
2879
7362
5113
7412
8768
9444
607
9341
7923
5376
2238
7934
2064
8378
960
7039
6366
5132
3266
6242
4007
3916
7728
5368
2519
7492
7442
8453
6821
1502
391
7841
165
4926
9457
8224
5901
4773
8561
197
7735
6899
5412
5458
311
1309
2429
7539
733
1055
4806
2492
9293
323
8610
8959
5725
195
9781
6531
2030
2763
8149
97
5871
3795
834
2961
6814
2731
8421
421
6496
6568
869
8740
7924
5774
4863
6746
1587
2638
2487
2205
8522
2963
3834
9779
7547
7207
1926
819
6801
2907
5308
9225
7891
1239
9461
7470
7691
8494
5619
5750
7959
6854
9385
6412
1039
9862
8350
6428
1192
6817
5837
3919
440
9331
3568
9980
6955
5977
1423
9020
5142
8726
308
8719
5626
7250
6945
6814
7067
1877
596
7521
1842
1254
5897
786
2607
4605
6288
113
8851
4943
9617
6457
6141
1563
1293
4546
7187
512
6135
824
1716
9954
5971
445
7212
8381
7358
6971
5831
2873
7103
4365
9369
1519
7803
3390
3470
5674
4319
9697
1533
3233
4442
4018
9074
1972
6568
4061
220
8613
4695
5135
6308
8202
4595
9097
6752
2208
1701
4204
5527
3346
4972
3281
502
8730
6666
4968
9586
3382
2466
2676
478
3391
6160
1092
575
7510
3962
9173
1230
3568
7125
1767
1055
5252
92
9437
2624
4562
2364
153
7283
2567
4579
4103
9471
1150
971
8248
2036
5449
2993
6610
1198
2608
2011
310
4332
2536
6890
6131
5201
2456
380
5289
5979
4761
4148
1824
4706
2300
6974
9514
7347
4448
4077
6726
3709
1908
1672
6870
7020
4233
7013
1891
5173
172
1700
1824
1921
515
3776
1245
3085
614
1105
2253
7920
5024
8997
2218
3311
6069
1776
9591
7086
310
7698
9413
2152
4083
5576
9226
321
9505
3413
7280
9850
8092
6322
6698
37
7855
4660
1964
1801
9937
110
4587
7144
7282
2950
3875
8559
7542
8252
7976
8526
1649
5752
494
8008
84
259
7389
8381
5671
7162
8831
6950
2168
2206
7980
2193
2834
4591
3033
9774
7810
666
44
3497
1878
4864
1187
3770
1111
2041
5941
7737
9064
793
1128
4917
575
1922
5413
9990
1780
1002
970
6929
6455
1535
702
8093
6679
4696
2026
9700
2640
4669
8982
7484
9333
6906
8610
6535
6031
2944
3974
1448
7796
6988
843
9094
1707
3692
3804
9061
9823
991
8183
1747
8802
7261
809
1489
6948
1111
2121
7475
9396
9248
9283
3658
2038
1788
664
7647
1510
455
1779
4274
8796
6282
9231
1653
8961
1161
5048
1858
5361
2032
560
9332
848
960
6227
9557
1378
4357
2092
499
8534
2922
2505
2760
2562
5534
237
7706
7781
3768
5509
7649
9353
3929
5949
6280
3304
1314
2547
2533
2433
1270
1019
9116
6954
8369
6869
6288
7880
7193
781
3211
1533
9443
7730
2353
8113
1945
281
4976
4404
6235
530
3659
6931
5731
9019
9864
6729
3598
9987
357
1416
1928
2546
2034
808
455
3560
6331
703
5691
7091
7717
3665
8420
9413
7883
7770
6436
9348
7529
6426
5366
1427
6745
3633
800
9298
8028
7787
1621
3666
6956
8397
542
9260
4991
1585
2346
4642
6686
2574
2003
3830
391
1228
4692
6761
9920
3558
9431
8823
6637
7152
3907
2001
9235
1739
1559
474
7902
7751
5920
5703
6304
5801
9729
2577
9163
2253
6099
6605
9473
7022
1594
8333
4650
8771
7259
968
1382
9372
1899
2920
7843
6446
5994
2499
273
2634
976
6300
884
7221
3958
826
3034
6228
4344
6745
8926
4038
7929
3455
9164
6054
4935
3538
1574
1873
7585
9673
3078
981
6423
1456
2660
2427
5457
2384
2427
5110
5331
1662
8807
9516
2895
4051
4130
6917
859
4380
5695
1953
6516
114
886
3551
8579
7980
2050
9900
2991
1428
8167
2632
5060
1544
6872
4239
7522
338
7848
902
1449
5978
543
1749
6819
1306
8927
5284
754
5394
4088
9273
4701
9021
9353
801
5157
259
167
476
1564
2305
4931
9374
1480
4198
6695
9283
5412
1488
6577
8083
2233
9798
3700
359
3979
3271
1883
619
1590
835
5759
292
2251
3528
4395
8195
2309
7344
1518
5018
17
4824
4000
4735
2669
4964
921
1519
8208
177
8238
4901
5595
972
1853
6203
2318
1538
8108
9615
4238
9047
2797
8634
1398
6202
965
9070
6523
729
429
3198
1989
7953
9431
8578
5082
7753
6005
3162
221
2735
5879
9779
8295
2947
84
7768
6709
5219
6763
843
7347
1206
4330
2340
230
8829
9134
1401
2064
8583
8268
5711
816
9876
6560
3711
5096
3772
8212
7453
9923
6401
6596
245
7638
7538
4975
3495
8951
1570
3200
5813
8411
9625
5454
7082
4836
5176
6864
573
6507
834
1301
4277
9530
7993
6915
4816
5790
2599
4238
5887
9947
5935
908
4004
1472
1091
9079
5615
5004
2599
9587
5141
9936
1142
2768
1251
5463
5459
8929
1073
741
3011
1134
4410
2556
6153
1608
3978
1860
2177
587
3753
8155
7009
8921
632
955
1085
1988
153
6060
2299
3211
2388
506
8198
4377
1495
6520
3574
763
334
3428
1776
2577
9876
6781
7418
6870
7928
8547
9442
1427
131
1038
7279
8625
9880
561
2296
958
1389
9168
2804
2017
2986
9248
1602
1585
1024
2110
8170
5684
427
2082
5555
3636
5467
485
6838
1286
3568
8865
770
733
6820
7545
850
7597
6141
5305
7868
5820
1858
9375
3772
766
7006
1369
9456
2736
1299
3265
1573
1060
8066
4759
6674
2127
7000
9949
3139
6864
9674
1913
4297
8451
4948
3558
6576
6836
8446
3516
1009
6839
3425
3121
8537
7639
1929
7088
8234
2142
7579
713
864
7685
4600
7289
4759
1836
1314
1772
7035
9660
9663
96
9295
491
3900
6348
1458
4160
468
1296
3295
1319
673
3775
2421
4871
2642
8234
4471
2850
606
3807
4035
8701
1559
1586
5032
2514
6274
8858
2916
6386
4359
3600
2332
2574
8548
1187
7249
2503
1591
3600
3599
6996
1979
7168
4422
8117
8674
8881
302
9414
452
2666
3831
2374
9575
105
5551
952
3536
4432
9928
6105
7529
8688
5577
852
3091
6436
2147
8226
1998
5921
6391
8646
6742
7756
5526
2616
4192
1949
697
7888
7142
498
6674
6550
2223
8615
7203
9911
243
9717
8126
3002
6509
2168
9564
212
9986
1222
9106
8969
7585
1533
8976
9780
5387
2459
3164
4265
773
8132
687
7529
28
8512
8206
5270
7720
3427
6476
8119
100
7329
2317
9150
1581
4161
9358
5351
7176
6065
9220
8564
8889
2555
7027
2648
2130
7894
6752
5776
169
6976
904
4633
9485
9307
8818
3853
3386
6933
2690
8576
9530
2349
6527
6202
431
5330
1160
8630
1934
5646
8339
7659
1086
3347
3510
5464
3906
2069
9386
517
7699
5800
3116
1463
1378
2411
7045
1045
5020
9302
5229
3017
7054
1247
5691
3705
2619
9651
1232
2215
7020
7108
8758
7557
3991
5422
6995
3485
9748
5454
6146
4208
9932
9701
8083
1789
5362
7049
6177
708
1990
4012
9077
4684
3912
2962
2265
6322
7882
1645
5904
1474
6217
8987
4756
1915
7597
6995
8880
7935
8639
9915
1328
456
7003
5389
3237
5345
4886
2140
8717
3523
3841
626
7586
2783
2367
587
9617
8300
5059
1911
5407
3281
9870
5051
1527
3973
6536
7898
6167
6005
8892
9779
140
9686
4761
4587
538
6140
6117
5228
849
3594
293
941
8636
795
4011
4148
331
7312
8704
8825
1732
6010
8274
461
1782
3163
4543
8508
8686
1928
4306
3534
5310
2978
5389
5092
7546
4150
7320
1857
3508
1841
2937
1143
8475
2631
389
596
4512
7846
6934
4076
5241
6775
6590
4537
9145
2965
3834
9743
6335
3137
5242
9365
3246
9300
4016
2482
190
3622
9479
3428
1312
2608
774
2423
8952
4781
9605
9347
406
2278
6351
2663
1893
8654
7161
4597
9224
7514
194
5838
4609
1334
7547
9615
2340
1668
409
1180
8924
2006
4601
9340
8092
9822
4675
9285
9209
1395
786
8442
5478
8103
2659
2898
4944
9000
4428
3819
6843
532
2351
1566
7372
6960
8095
6325
4665
2057
1745
618
8109
3788
1255
386
6897
9764
5689
9546
6759
9203
1317
8384
1945
7939
8969
3637
1554
1132
8318
610
3274
6393
3672
7785
3016
6422
315
5693
4275
3725
1536
9077
6634
6657
6264
1517
7221
6602
2272
1565
1947
9827
5141
6605
5701
6752
266
4281
643
5412
9784
4770
1773
9058
4934
358
1069
402
361
6385
1675
582
1773
2612
1753
2573
1941
149
545
2392
7519
9782
7947
4700
1691
234
4627
4631
7246
7541
2267
5398
802
8564
3741
374
8784
6766
5587
5546
3713
8457
3818
4429
6321
7823
788
6696
2693
3394
4797
6006
3631
3646
769
3989
1423
5022
7516
6784
4172
2210
3778
619
7139
5647
3632
7311
5279
9495
7298
2775
4106
1659
5175
3881
915
159
9426
3993
2881
6989
7122
6971
8519
1452
9252
6600
1352
1953
679
6306
3788
4855
3664
3179
2820
2140
6815
9187
4651
4348
5922
8977
765
2673
8361
980
1468
75
650
2634
6193
1901
1110
9936
1968
2040
5067
4635
1215
6172
6875
8647
5176
2588
7709
78
124
8321
2339
7675
6235
3202
5084
2543
9474
643
7978
1812
5764
9643
5814
9521
1804
490
2339
9133
8401
2027
8256
2775
7307
2518
9778
8837
7589
1369
66
891
660
1400
6770
7871
2311
8483
8470
603
7040
567
609
1427
4530
407
9101
5831
9914
2045
63
6682
2419
9643
6154
3364
4181
7223
579
5333
4925
2167
9413
2860
5987
8281
358
1687
4264
7622
9833
9019
1295
2679
3750
6151
7598
2760
4759
5940
4516
1085
5524
2591
4957
5363
4465
3018
2948
8984
4150
3407
8488
4797
1103
3031
9762
26
5333
6155
3654
2435
1294
5160
2792
4138
2416
2968
2209
5941
2636
1263
626
3522
9176
3683
8200
5736
1725
2624
7441
3424
7347
1755
4222
4083
9481
4421
5593
165
4841
6194
6680
9747
7803
5130
6947
6265
2537
3984
5779
8663
5412
6418
1515
9429
5157
208
5132
628
998
6272
8051
327
706
5888
2710
3698
5561
8782
9183
3617
6777
1845
6951
6925
4378
6537
1895
75
2024
3653
7595
8485
4135
3059
1480
8572
2354
9228
1680
3214
4788
6784
3427
9173
3979
9208
4712
5089
4889
9369
8957
2231
8253
2732
2715
7417
1634
5725
1261
3512
8006
4321
1586
6279
4381
3275
1377
3186
567
5696
3949
7215
4591
4025
6009
6371
1670
233
2861
5784
1376
2640
7130
318
61
1903
6859
7984
5786
5005
3532
1448
1289
682
1855
3461
94
6194
4781
6892
4348
5219
4378
4125
5808
3827
3724
2488
1963
9836
7197
1088
6230
7625
6943
6350
2209
6454
2447
393
3116
962
9917
148
7434
2552
4379
1992
819
9679
1828
244
7465
7455
1120
4290
8365
7989
3829
557
6722
4009
5167
9616
1794
1021
2659
5727
2225
6904
1648
796
2735
8916
7112
6643
5681
2101
8078
7143
6162
7564
911
721
4598
2714
5894
5830
559
2585
3531
7768
5332
9399
6092
6064
478
3796
9567
778
245
591
9574
4817
2123
2923
6676
1053
4487
2152
5439
266
8564
5183
4214
1036
7947
6430
1669
5711
3519
9653
2135
8243
855
9472
2235
2904
4753
8422
1210
758
6693
1041
3208
6929
6056
8543
7353
8731
7058
2344
198
7722
8834
9377
2176
2523
624
6385
4980
3143
3971
8274
4432
262
5572
5578
2197
5921
8227
3338
4925
4620
8441
3063
6943
2147
7678
7303
7216
1956
1979
5742
6892
1950
2306
2954
6262
681
7725
5483
2540
6182
8709
7960
3471
103
8212
4190
7522
1442
9036
1258
9072
8243
8809
4888
2578
8800
197
5004
5361
1632
891
2226
8537
1470
8222
2994
8959
1771
3562
4518
1237
3426
123
5262
1628
7136
6717
6900
4393
4644
6452
8092
3034
8899
7566
9870
1018
5759
5189
6183
3603
2200
3577
2332
4484
7043
349
5312
6548
7915
8896
3864
4294
9557
7903
2702
1230
8729
3785
7651
3634
5709
7044
4025
4452
1860
9230
8175
1647
7976
8758
8573
5855
5651
1804
8947
7030
1044
3590
1694
797
8160
933
1787
648
1495
5640
8766
1165
3640
255
5509
3478
904
5746
744
4757
5487
9234
628
4648
5411
8144
9721
1517
281
6558
7313
3111
6393
147
5426
2801
6786
4403
1669
1106
7774
4221
1751
6882
327
1719
4656
9565
4266
327
3139
6406
1675
7763
5941
5917
9641
3420
370
5476
4707
5270
7788
1534
1019
587
1301
3609
9466
2176
6479
1117
4708
7368
385
6549
4173
2984
9933
6638
8685
5852
3136
110
2640
1448
9642
8759
1713
4720
2767
4716
8312
4587
1389
8515
1697
2774
2846
3596
1567
9110
2608
769
4688
4400
436
2126
7491
2540
7460
5154
2056
8519
8632
374
1367
600
5147
5582
9827
7782
7897
8942
6336
3143
8716
447
1283
2940
2327
4162
9849
9275
6034
3093
7883
4701
8103
3827
6752
858
2317
1904
1123
1825
3491
2726
2231
3053
3759
6201
4424
1172
8248
1650
2019
481
2720
5594
2105
149
3510
9429
6305
5961
5083
225
5004
8791
9396
8431
892
4858
6399
6625
7639
403
1385
8181
3768
318
9135
3377
9255
6292
5044
4591
7226
897
7011
6859
876
3529
6133
5611
7085
1671
5972
4478
8379
1718
753
8200
5775
3444
3955
925
4971
6180
882
4315
9746
7586
4515
6206
1384
140
8244
8846
6284
5135
4779
91
9315
576
4202
8876
2504
9821
37
36
2576
6899
8423
1958
5890
1968
2658
3819
1495
6683
8661
2498
5326
4803
9331
3959
1188
9782
9314
5446
7682
388
9873
7473
2455
1618
462
7489
2567
1347
3734
8490
8244
7812
9086
1251
6492
9462
9762
4500
6131
9506
3532
4047
2595
1128
7063
3316
2354
649
5684
1984
6835
8598
2957
6902
4174
7048
856
9666
9748
3633
3103
1609
9342
9074
925
9716
5926
2479
4875
8495
6648
7840
4109
2381
570
9401
9078
8366
6346
5469
1827
9844
8855
9854
5350
2610
594
88
3906
2950
2374
7743
7607
264
374
7061
9166
947
3302
8481
5495
4277
1358
3245
7744
3634
730
4446
4634
9533
7940
5338
2647
3129
3014
4532
726
1772
6683
2331
5794
373
1238
9493
759
5504
9157
2054
6695
5096
3591
4149
1468
7725
6347
4577
7759
3270
8715
7535
2569
5720
761
1416
87
5271
1049
1153
643
3437
5183
5434
6977
1529
2362
5611
9495
3017
1282
1627
8977
3339
4222
916
3300
3824
1017
3524
1745
9474
4325
9157
2380
2168
7904
3231
2061
2423
6087
2987
6246
9596
7688
3883
9415
1495
4860
345
335
5898
3957
8958
1908
5107
2325
3892
1077
501
3615
142
3261
6990
9825
6246
378
7060
9618
7607
7983
2833
952
9756
6567
5809
8030
536
1036
6378
5844
1624
455
1884
9399
54
120
6392
3651
4639
7239
4789
7398
4551
7372
6049
8870
491
9069
453
2854
6968
6006
1932
2629
7626
2990
6118
1655
2776
4039
8840
1049
3822
3846
6118
367
6522
820
5907
1952
6699
4884
3896
1700
2471
7878
6212
7580
4493
2235
7043
1716
2106
5786
17
3333
4751
4787
897
1789
1890
3825
7033
4211
3300
5157
5616
8469
36
3345
1692
9604
66
6690
5205
867
9686
83
9758
3468
5602
4317
1701
2548
5573
179
7336
6672
8498
3581
3466
2200
3696
2835
2902
4922
99
1388
7572
322
7867
9607
4506
1448
6715
3227
2437
3627
349
5258
2760
2045
2084
411
1171
5007
9362
1848
7928
415
9915
6117
1786
2734
2377
6707
6647
8007
1777
4659
3816
4157
7351
4718
1670
3716
9534
181
9487
946
3138
8949
5081
1911
6953
2429
2374
4828
1687
3891
2393
2024
9265
4259
2921
3785
7717
5353
2259
2449
4040
9442
820
7678
6960
5294
1527
7870
8931
8361
428
7106
3406
2666
2074
6899
9675
7403
4102
8291
205
6442
6820
4198
8798
7759
2414
9056
4028
7423
4755
1392
111
8096
2465
2973
9694
2223
678
6768
8994
5390
8435
5235
8266
9426
2883
536
8929
252
5322
9453
4333
2838
5553
2718
9977
416
6609
2796
6758
7531
4638
444
1357
8103
39
7139
9689
6824
9514
193
259
5086
6861
6235
5965
3749
443
4974
2610
1017
6875
3985
4621
686
2263
1370
5178
4992
332
9795
4187
7335
1741
2142
6668
9293
6701
583
5609
7458
3916
7626
8014
8079
3698
8788
2046
6122
5946
7598
9528
9322
4241
9799
6151
6332
6111
8097
1529
1061
276
928
4659
8921
1383
414
1379
6619
5787
9794
22
8453
6324
8241
8459
122
1577
422
7655
8539
8841
9951
8778
5447
8611
3656
7906
2086
7280
2236
5375
7784
5012
7608
2118
1417
2677
4418
4506
152
2507
6266
24
8409
201
9841
9778
391
6074
9207
2303
1726
2368
505
368
2024
1977
91
6166
70
9747
1121
6738
513
6050
1797
3341
2689
223
1940
9817
7854
2243
345
1079
6357
4500
5455
2139
9342
6335
3761
29
7916
791
1892
3522
4036
7580
2488
42
7298
208
3482
395
4184
6774
1534
702
6568
5180
5995
4760
1731
2251
151
8716
3907
4732
2277
9390
3623
7213
8779
6011
8077
2164
1977
9448
7125
4996
6471
7016
3362
222
2207
9266
6084
5209
2635
6642
8389
9733
992
8767
2753
7196
9883
9597
329
4666
4426
4596
6697
8207
1198
5488
1912
7266
7247
266
977
1208
6513
1863
1056
1301
9878
6560
8622
9555
4229
6434
4993
1553
3801
4950
8702
1917
1517
2148
1936
9093
5718
35
9917
683
5105
6532
631
6199
6655
8384
4241
609
397
4959
1906
8751
8777
9163
2095
7115
1523
6484
1956
4873
9920
3941
9714
7591
5877
5927
1008
6598
1362
4437
9755
3417
4060
2815
4176
4556
6079
1587
9612
4998
6452
5048
4482
8897
8112
7645
1916
906
7501
4962
821
2180
2845
1749
6583
3874
8796
6096
4097
1253
1797
1280
7803
5362
471
841
1228
1720
2794
2409
4908
816
781
5403
7782
9094
1249
7324
320
3047
1228
3939
174
9755
4695
7436
2451
3989
9416
2342
954
921
8855
2190
773
7342
4523
9947
1971
8099
9301
5371
8599
3607
8336
3198
7847
483
8486
9970
5730
299
6775
14
4565
2134
7286
2676
2816
6873
2964
5488
5604
7258
1297
9078
2192
4820
5247
9531
5325
2359
2266
8674
1510
162
1845
7370
3916
9699
9815
3798
3385
2365
7062
3693
1748
2108
4898
2195
3828
565
5205
6424
808
7410
7578
1999
4549
3436
6684
130
1714
6953
2512
6964
4049
5305
7349
759
2271
7164
2154
1775
3646
8054
5553
7
2048
6261
436
1635
8456
514
2453
8869
827
5078
3082
2995
1613
704
8952
6809
4761
5364
559
9643
48
5109
4199
3502
2390
7094
9353
5015
4761
3582
9025
6820
6228
7738
6499
5850
7555
2344
4331
4911
3128
9457
121
6089
573
1541
2717
8534
5131
9326
6624
9789
155
4750
2291
1333
5258
9194
2187
2149
98
5340
4797
5900
3783
2403
919
6146
2639
6318
3776
3934
2214
3529
7936
1753
976
1046
1955
8803
2224
1599
2313
9700
5673
1275
7602
54
6131
6960
8361
8257
2609
1593
734
775
4016
7143
4616
8578
9266
1804
4267
922
8556
4070
2694
4139
1949
3417
3952
6710
1408
1504
4469
3655
259
7445
1115
6599
3465
4911
2506
4867
3133
5244
8011
3341
3896
5407
9279
113
6421
1115
2596
9227
4131
3345
260
2151
6043
3030
6542
6953
9555
1081
5785
6846
7153
2356
2662
5202
7220
8592
6182
9955
399
2142
3884
1094
7431
1667
2452
2473
5440
1203
6099
3961
6883
4642
7889
1141
2627
6134
8101
4290
5040
1697
9727
1985
3019
8047
2620
158
8859
1802
645
3481
9951
4470
617
8826
4597
346
9677
1057
7243
6427
5425
6908
1796
576
5301
2909
1725
1921
315
4619
4976
4673
2846
2696
4105
8430
9140
2434
1351
4902
1312
7390
757
7357
2091
2466
9642
3500
2356
3249
3406
252
4533
1613
4286
947
6376
8472
2945
8686
954
5595
2443
6192
2463
7355
4546
4826
6454
9224
8096
3740
526
1768
8601
570
4425
8004
13
370
9888
5649
624
1853
5159
8290
6808
421
7459
828
3782
4902
5561
8778
7561
2391
1753
5250
8064
3195
4874
4391
5070
7955
3095
4224
9922
8518
2587
1497
200
9524
298
5769
5178
9511
656
6148
7787
3612
3517
6658
9622
912
2993
256
882
3198
6356
3189
9033
2440
9721
1863
8681
5444
5220
6047
3514
249
2090
4602
657
2249
4072
8641
4004
6146
3847
5532
7151
4464
4750
4627
2663
5
2649
21
2765
2332
1608
6124
1414
2266
2395
2864
6840
662
2796
507
3287
4986
8989
7341
7809
1930
8628
2978
854
7621
9172
2385
796
2410
5519
9845
2994
1805
9
9825
4004
1769
4238
9295
7054
6392
2070
2522
1732
785
8648
4558
8274
3826
2652
4268
2351
1903
2774
6706
2904
1673
1616
2714
1658
673
1575
3874
1359
1647
1097
2556
2429
4511
3437
3319
155
2107
9540
493
8741
2319
9758
9902
9858
5272
2992
1070
6485
2062
549
4202
6913
7909
3938
5361
3104
734
9438
256
2550
1203
2482
6702
1841
7347
9789
9098
2803
4107
5068
4802
4755
4486
5576
1925
4545
5237
8768
3498
8377
3330
153
4595
4762
1649
4978
1997
8312
7865
5949
1753
4782
5090
1275
2511
2007
2560
9111
8449
9439
7263
3302
3535
934
5838
9709
2458
6725
4272
980
138
4932
7649
1178
691
3451
7319
9657
9893
888
5593
1483
7572
5856
5332
6204
9672
2505
8987
3074
5173
6855
1087
3899
3149
1638
416
5462
852
376
7570
2245
5173
7326
5220
1217
1748
7868
3981
2366
1923
8713
1239
2272
601
1460
288
5470
4095
3341
959
4118
9517
5267
9732
2594
7397
5498
3283
7530
4605
2896
7731
7418
5619
9935
34
6484
9004
2485
875
4649
8254
8402
378
4245
4015
2402
4031
6120
1134
8797
2130
540
944
8939
1990
131
8397
9883
3297
3073
3196
5733
1994
2971
8556
4175
4340
2894
149
6893
1882
290
7422
8077
2379
3024
9136
9074
2505
1282
667
9119
6108
3099
5368
22
6828
6103
8334
897
335
8948
857
3761
7776
3152
6664
7429
4177
6052
7622
8574
5522
1922
795
4592
2098
1164
6499
9755
9061
6325
2640
1595
5830
2251
3452
4093
5087
3413
7761
3380
6999
7865
9964
8666
4364
5522
991
5818
3842
2960
9239
126
7722
4416
9805
772
3718
8142
1392
615
8923
8232
3667
3947
2488
4309
9539
8008
5015
2741
1757
3675
753
3306
7645
2794
5687
5416
9881
6966
1422
5849
5871
3734
1818
4261
1484
3713
6911
4832
16
4636
7492
1763
9358
933
5529
9120
4423
9279
2266
5312
9305
6864
9013
7375
7476
839
3080
9787
4510
7233
6030
5576
3768
2238
252
8488
1233
9247
9606
105
6089
995
4808
2223
6456
515
962
9620
879
3306
7139
3965
3919
9529
2985
1871
5018
5386
824
7825
7191
4483
2266
8228
9465
8061
1174
1905
6210
1942
9059
1457
1476
148
8318
995
7305
459
3050
3977
8131
7840
4568
3780
246
4223
7672
5522
6741
8602
3999
7572
1994
2547
8521
8517
410
1516
1840
8168
248
7869
5245
6081
2793
1510
7343
7239
8776
3430
4314
7288
4619
219
6898
5918
230
538
3560
3984
3870
7777
1700
4844
6896
6763
9747
9155
3267
8036
9683
8710
1708
1837
4701
864
5873
3011
1378
8964
8879
4667
1066
3272
767
1201
3880
4849
1415
5729
466
9842
6846
853
1055
1535
9938
3969
6386
8711
3917
2635
1238
2738
4548
1854
9450
4086
226
1537
1792
9184
8453
5380
641
6418
7912
1131
7139
5592
6945
9630
925
5375
9787
2591
441
7319
9222
9742
7131
8216
222
3753
3218
3844
8330
1272
845
6492
7350
793
2896
6998
8402
2743
1399
7068
2140
5472
8474
6472
28
2503
1265
9791
6031
8407
4570
716
1222
5625
7241
1167
959
9416
5279
7861
2676
5571
190
5753
5187
5139
5339
2043
2463
8205
9957
8032
3220
2042
4326
6363
9472
6117
1608
923
896
6069
5561
2484
9705
204
2994
6914
9656
7231
644
3932
5580
38
8116
3701
899
2982
5481
41
2738
9182
6723
9046
5673
9311
3006
4680
4149
9280
7560
138
3384
8464
8479
7769
2342
8029
6158
43
9058
8229
2714
7281
9561
1467
6280
9097
3628
1692
8785
1719
4164
7362
3128
4004
7697
8104
5772
2455
4068
1232
1289
9124
7246
834
1956
3954
5799
9621
2294
2066
2819
5795
7832
908
1043
7080
9057
3164
3432
9915
5356
9421
8973
400
8861
6500
3942
8829
5749
7425
995
2716
452
4802
9913
9073
3103
7272
6179
9772
754
5885
9349
5665
1447
6662
3745
1142
2920
8518
5118
2492
1009
7732
7766
4690
7402
9822
3806
2550
707
4477
3371
8749
6497
6555
5267
8662
5368
8962
8578
2010
9145
9638
6270
8694
879
8630
6989
6652
4292
240
2710
8311
5129
83
3973
894
486
1416
371
5451
8590
3507
1397
7548
4663
9623
1939
7433
5144
6344
1996
8599
3332
2853
4888
860
1927
2517
158
2580
1694
2033
8376
6916
2811
450
3860
2877
6409
124
8700
6067
9213
4956
9175
4367
5678
1710
2241
3873
7927
2819
9961
3306
8506
1984
8490
3257
1191
1802
1004
2164
3597
5601
7340
5738
1024
586
9289
4311
6188
5554
4768
2519
9801
8111
2571
430
4064
217
469
1592
2156
9561
9905
5868
9812
8721
6812
4870
6520
3277
7344
7382
7802
1272
2970
9027
1376
6626
2190
9299
7399
3168
4841
9119
4986
4500
1352
2931
5362
9471
4599
1012
912
1060
3788
3061
8953
7839
8806
1499
2098
4278
2592
8943
7597
4607
618
1685
2882
1410
89
683
5873
896
3326
6995
4038
7268
2581
6100
6143
5193
7359
5982
3610
9580
9170
2093
1426
4883
2639
2368
6748
2686
229
3530
2829
7021
2084
969
1967
9395
580
1109
1235
825
9383
9627
872
102
8924
7370
1229
2797
2389
9934
915
6232
1980
4444
983
6788
5697
3517
2239
7996
2103
2094
6067
699
1152
6486
9694
8348
2390
6426
4132
4740
3084
3918
9574
1698
5876
5677
9236
165
5314
1419
9827
2672
2672
5865
9631
4650
9043
1641
2210
9177
127
9858
1974
911
8055
8502
1767
1045
8775
8450
701
1352
4789
3590
6105
2369
4533
4229
2573
9337
3740
6879
1985
1100
5608
2541
3171
4797
8494
5789
7710
4043
9043
9712
2399
3699
9471
6863
1300
6342
1359
3269
869
765
3002
3017
1064
7433
6055
2202
3600
976
8957
2336
1973
7029
9674
4929
1194
2182
3544
129
1659
3724
9197
1582
4053
959
4065
9307
8811
9176
4598
8474
1126
3851
8211
6160
5228
8293
9970
4739
2308
9282
4235
4471
3481
6514
2128
4986
3245
1452
2906
1181
9920
2660
3763
6900
3601
9817
6950
3152
3924
9490
8548
394
677
1803
7353
4866
4012
9658
334
4026
338
1543
6527
2316
370
1691
288
643
6499
9720
7276
3353
4693
7529
8751
3068
7035
1563
2453
9142
4744
3309
7793
8558
2524
9348
2114
3337
7473
1250
2339
5445
9729
7512
4770
1719
3915
9705
7076
4099
2549
5488
1031
3404
6660
9397
2999
8989
3066
1645
4117
2071
175
9968
3589
2299
6227
1534
5095
891
3074
7172
6777
8653
6938
6635
4347
256
4489
6547
1011
3521
5083
6958
529
5983
66
4335
949
2302
9734
7973
1936
2921
368
6579
8953
1388
1297
6946
3649
7505
5688
1000
6200
2041
516
2523
5393
1246
5415
8753
676
5814
6044
9258
8580
8090
4874
4496
9872
9384
568
2621
2349
6726
9044
9102
8035
2632
6575
23
6038
7203
9291
7927
9833
2739
4504
5709
6190
6970
1883
3403
7489
2154
5632
1674
7206
9077
146
9807
7104
5347
120
7356
6547
9172
98
8506
2284
8806
9156
437
5280
7433
802
8152
1426
6609
3966
3659
9769
9292
6493
890
8465
9685
5072
5960
7649
8952
5122
6276
8349
2343
3966
5339
9404
8300
4835
1838
4285
1423
9929
3717
3605
7995
1782
7956
3101
1020
525
6300
8378
2428
9255
4917
3452
4286
2148
8028
7595
4538
3683
456
2143
2955
4240
4961
5007
37
1966
9458
1148
3499
2502
6158
4159
8272
8430
6929
9808
2076
5757
2185
7945
8481
2046
2501
7898
6111
7364
7948
1182
8853
1581
2209
4318
6808
8569
6006
6660
2665
2076
9503
1123
2322
2578
9912
7605
1073
1587
5209
3797
4617
3336
2329
9150
1909
4156
2897
7315
4046
7782
1026
65
6191
7511
1946
4610
6727
2831
5186
6883
6814
389
6188
2520
2844
8582
2364
5519
6022
2268
3475
8450
7755
2419
1908
3585
5054
5049
2513
47
180
1493
3957
4044
4273
2041
3384
4515
9806
2234
1678
4644
1005
7840
7041
3717
9824
2729
5056
1461
631
594
5720
7217
3801
3193
1330
362
2613
6061
2765
2807
6409
4839
366
7671
3171
3149
789
9433
1877
4708
6049
8128
1646
6165
7367
4225
6759
5492
6463
975
3068
2397
2015
9145
2108
9632
9628
6737
1634
3167
78
9601
5061
5188
804
1946
8076
3448
4504
9293
4742
4738
1332
4733
9193
8349
5780
852
3113
6670
1982
7749
2780
9844
208
3346
2460
3968
2761
7487
2589
2519
8027
2806
2735
3701
8287
4317
6533
2965
2649
5157
7239
5071
1949
1076
294
944
4211
8773
9854
6016
1175
5759
8177
8048
8692
7299
1681
6690
9154
1066
7229
2142
9660
4863
7536
9794
9991
1448
3975
6362
9425
5386
1410
2240
2022
7453
1180
6214
7897
7694
6686
2609
8833
2661
1713
1224
1938
3014
5331
7614
1389
5147
6267
7468
4106
3810
3536
6674
4485
4755
952
2943
6807
6709
3565
5504
8135
8913
3204
5525
2624
1222
4817
1018
1141
7023
3733
6533
4962
6402
7705
9275
1748
3851
4464
4104
9340
3289
3543
3038
8336
3798
368
2189
83
5916
3217
6213
2727
1414
70
424
7487
261
4190
9603
1209
469
5236
238
8860
672
9068
8002
3903
6048
7234
3995
5578
1466
7405
4142
3969
5657
7481
2684
622
5401
9685
1207
9005
1206
3370
4325
2127
1316
3486
7747
4615
10000
1272
4316
9737
1862
3956
3914
6756
4292
9577
7564
9117
3183
5402
3496
1806
8325
5434
1491
335
7619
2723
5583
6036
9912
9816
8052
9494
3721
2889
3091
5559
134
311
7078
9776
7149
5641
2620
605
7582
7151
8804
9564
2271
2085
5639
3665
4544
5258
3707
1678
3393
3585
997
2577
3907
8471
2607
3086
9645
4087
7066
703
6304
410
4245
4473
5469
8899
6287
5441
6901
5194
4650
9839
9233
3511
8897
8290
740
7570
8443
4884
845
7800
4592
2622
1553
3521
859
2479
6856
1967
2129
6409
1463
4745
1713
2637
6894
1705
5340
5417
9683
6835
6679
639
9103
1704
7087
1351
5319
874
8380
4567
1998
4096
73
6019
2121
4268
7555
5024
3187
2923
8991
429
3938
7148
17
5315
4329
1845
8459
4380
5343
7554
3875
8739
5280
192
7816
5450
3139
489
3606
7586
7868
1009
9399
5078
4099
5136
3148
1385
2068
385
2157
2977
5112
1035
4334
708
3508
4765
8115
5874
9745
719
7093
8691
8460
4006
2485
8419
5502
697
9920
4106
3375
1970
2787
1809
3495
2903
9969
8306
2533
986
4387
5663
7283
9405
7247
9254
233
5722
573
4836
2433
2050
7365
3895
475
1380
749
1176
8466
9824
3922
377
3503
2989
7012
9611
4461
5000
9448
308
908
94
2232
2558
6426
1451
445
4707
1438
5940
4816
5896
471
9618
365
5528
3221
7584
521
5411
1766
1319
693
422
8836
6040
1571
4349
3133
8442
8729
2454
4659
7348
3269
1895
8804
3181
4095
6899
5821
5378
1925
6153
1835
2152
3634
8077
1426
1091
6272
8667
1586
6518
7185
4346
22
9068
8056
8813
7631
2598
6829
8656
5777
5590
561
1601
8827
8491
4702
668
8749
5502
5699
8556
6485
7964
7663
6575
2651
181
731
6489
8862
1877
2221
2795
3310
1521
778
4421
6987
260
7404
602
157
4698
3732
6532
2886
861
8946
5240
118
3742
963
4059
829
3254
4810
9364
54
797
2114
276
8210
3436
4802
9731
7778
7118
5074
3357
7753
8268
1517
3293
8225
521
3432
2937
9357
7194
5378
6542
5423
4571
6332
7773
3260
6574
4843
5334
6860
5925
732
9428
694
658
1335
6890
5339
2781
71
3660
4626
6885
7641
2272
6004
7643
5795
2294
296
1212
2727
7655
5762
2893
4215
6202
5848
1595
2171
2221
4662
4515
9618
1969
4898
2592
2869
2086
738
9700
8690
8602
9820
8729
6119
3628
7886
2151
6285
7478
6975
7289
4360
1130
2294
651
9740
8315
2650
7111
3074
2767
5114
9792
2827
8388
318
7870
2324
6449
9853
5036
6570
79
2000
5998
7472
5064
2791
1639
3087
1054
9883
6618
8286
1135
1779
2991
4594
2775
1403
9800
2311
3030
5474
948
976
6100
2898
1316
27
1651
7558
221
5912
7988
743
1549
6860
6524
3543
6897
945
5288
5954
6582
2688
6846
1041
4863
4258
9638
129
3159
5443
2378
292
5911
168
3914
6103
9034
9250
9906
5395
9886
2708
8080
5911
590
4082
1264
262
2990
90
3835
6877
5847
2087
6288
8040
1652
6931
1425
9462
4108
6509
3489
8026
4112
3068
5868
1539
6087
9603
9512
9438
5705
2901
1339
8282
6217
6346
1389
3132
9254
83
2815
8021
2035
9482
5260
5265
7478
7374
9279
7553
9150
5886
2357
8891
9257
5059
7396
8335
8820
3635
3773
6894
2548
7299
5678
5079
8341
5501
4010
6242
5457
3203
2509
8432
1283
4210
2875
6338
6269
8602
2344
1769
9910
6893
9981
7006
5480
8086
6394
9300
9769
5773
7607
2266
2328
6664
7632
1045
299
803
2320
5438
5639
5523
2892
7448
1455
5783
1555
2180
2384
192
1157
3160
3133
4723
8978
3789
3958
5117
9380
920
8286
7847
944
5660
7389
8313
1737
1838
7779
6147
7285
7705
2575
6906
5332
9779
1695
1120
1502
9312
1688
4440
5949
4757
3449
1976
6971
6255
1835
143
876
2741
8843
6329
9791
11
7115
7825
6689
2329
6053
70
1491
92
546
2705
6430
427
4571
6246
4532
9852
4318
201
8344
8808
2306
8659
7664
4252
4990
2645
4026
4146
6567
7868
701
3855
6857
4566
2577
6606
1049
4052
9762
5245
5336
4832
1409
2535
2234
2896
1931
3218
3607
7356
2430
1241
4578
6653
5306
460
3577
1430
1668
7574
6172
8216
3537
5792
6241
6160
1952
741
1046
3139
232
8646
3161
686
3493
6766
9189
9143
9373
2728
7166
1272
9224
9968
4719
5245
7455
391
6482
795
6340
9147
256
6068
5939
22
5321
4024
1527
4486
6678
862
2655
8605
45
1459
1762
7466
3364
6002
4770
6232
8570
3878
6669
2117
2307
3900
2217
7925
8562
8828
7505
1432
8236
1992
7163
6346
6730
7830
3245
6809
9231
2619
9023
3500
7979
2137
529
2658
2271
6362
4880
4409
8434
8125
6870
8496
4804
1185
1008
1471
3409
9104
6020
3445
5720
1198
5938
4626
764
5505
4906
8662
9578
147
4638
5610
7692
5957
8266
654
5774
519
4241
1842
5039
2454
4393
4665
2027
8613
1323
3339
4422
1759
5204
1722
7899
6299
5375
4791
1990
4305
9542
4678
3711
9197
886
6207
8648
1650
371
7910
4392
6176
6236
2109
9241
1864
5201
2633
6143
6799
130
370
2667
722
5305
3711
9550
90
3594
673
9250
6976
4346
8703
8277
6322
9694
3235
4583
38
9174
5634
5463
2910
9258
2689
2328
9612
7715
8086
7210
9304
4317
7773
3478
9873
3499
8844
8874
7233
4796
7865
4582
4516
669
9338
3974
8249
3535
9166
2433
1897
3930
5946
9745
472
5010
1126
2628
9978
4521
1465
7634
8792
245
3586
3696
2419
3891
7465
885
7032
8188
5861
1531
7253
5095
3328
4920
1883
960
4840
8941
7332
3591
1254
4815
6023
1276
564
6132
1033
5130
6891
480
8102
7585
5915
8897
2593
4744
206
4023
8968
4594
8687
5145
5468
2833
2167
4820
8767
1065
1161
5749
1935
1270
9343
8904
3058
3616
4211
4178
6338
5982
466
5628
4715
4857
3998
3393
114
6787
8612
778
1625
2615
8734
6439
1536
1554
9337
8034
9550
722
4633
9839
5089
2542
2747
9830
786
3671
8107
5764
6012
5982
7512
846
3518
5590
1605
2999
1263
4906
3441
9829
6530
1394
1225
3471
7786
3090
6460
8505
7824
2884
7360
5860
7202
1608
8755
6063
3054
856
6660
6930
5664
2657
7027
9021
1272
2159
8103
9501
576
919
4671
6671
9852
6155
1450
4727
8642
1738
2682
5299
1820
6582
5974
5499
6940
5130
32
8428
5583
3436
1575
6918
7461
8767
9997
931
7681
1948
3995
8953
6380
3570
1492
1921
9630
9899
8600
2968
1247
3185
3594
2598
1643
5857
3779
3646
9525
9470
3992
7333
1501
7449
5690
2007
1828
8464
3853
1398
8784
8421
1547
3380
2491
1297
9546
1315
1313
8937
859
2458
9306
47
8468
9707
3108
8059
5840
4995
133
2380
2805
3842
8575
6713
6374
1676
7445
5597
8011
4207
6333
8355
6926
6310
6519
9470
3687
1244
3292
8429
7547
3429
2010
7404
8559
3818
8368
9390
5587
1907
1573
4074
4013
1371
7518
6660
2132
6910
6783
941
5567
9958
3953
1837
828
6
9861
4848
757
4918
296
3007
3584
385
9576
4497
4341
8939
6982
1058
2054
3782
8300
6162
5450
1223
5377
7728
8762
197
6107
4969
8833
8834
7140
1196
2317
8238
9408
9424
1275
3431
7229
4456
1186
1029
1548
7494
5501
2501
5919
7581
1567
8756
2404
2715
8627
4287
2145
3671
434
2761
9936
6776
4873
7213
4333
5911
6057
3508
5837
9349
2208
3000
3634
1263
937
7338
7421
6721
8175
1522
2323
6793
1592
3701
8690
1966
8736
9339
2453
7089
4147
7329
8279
3458
8895
1053
3077
7702
6776
7057
3623
4935
814
2193
6464
9069
6253
24
6019
7740
4948
8136
2441
2605
9656
6992
224
1842
8489
7507
38
2820
6964
9831
471
3503
3627
5899
6627
1601
9267
8861
2724
8959
6956
234
78
2984
614
1303
4423
7502
386
9600
2697
3938
582
2975
9398
7199
1510
7807
7116
4554
8783
6001
4105
5096
8245
7951
1808
5953
9456
3167
6892
5588
8018
3163
7941
9738
5868
9358
5201
9887
8274
8289
1389
8559
332
7496
4092
4285
3407
4374
9470
6522
635
2008
5028
7812
2837
1296
1156
2413
568
193
905
1454
600
7675
9228
1067
1160
1111
3016
8472
3308
1701
9754
9244
465
7907
3208
1813
1772
930
8597
733
8080
5524
5650
6460
7780
4072
6310
3181
1428
1657
560
4581
7750
2819
2220
4786
4000
3288
2485
992
473
9682
5371
7618
7069
298
9445
958
2341
9081
2328
810
5046
1260
1096
7238
1592
7837
1854
6538
6458
5248
2683
994
8964
9995
2605
2023
4734
7514
4784
4879
2895
9970
1526
5847
4600
6724
985
5985
1138
5556
4208
5385
8293
4362
3056
6044
7547
6504
1477
3003
148
2926
2354
9804
5723
8491
3478
1682
6536
7989
2111
7262
8456
5419
611
3878
346
6280
2572
1925
5099
2202
6884
6402
7413
7012
7010
5702
5363
9105
1811
248
9816
5387
8445
5355
3185
2715
9807
8748
2648
9345
7693
6660
1482
8469
2427
7732
7195
1263
9976
2434
377
453
3181
9118
2062
1827
1157
5962
3978
4256
5824
2650
1152
9294
851
1688
8495
2194
9506
1515
7445
3253
240
1289
9983
9450
6950
9515
867
5473
1682
3632
2338
7931
7794
2100
5800
1231
258
3506
8774
6765
2194
6200
2675
5585
7724
1466
782
6041
9588
3290
9830
4586
7793
6294
9485
3809
6027
3570
4379
4214
1045
5800
5567
3541
5596
8925
1180
848
97
1942
4353
2719
1476
202
7432
3930
3777
2586
7316
1256
7248
8990
9845
2488
3879
3746
6430
4881
3378
3089
1881
1525
8598
6145
6633
9611
3331
7551
7424
573
7481
4572
4530
1631
8860
8969
2377
2738
6442
4334
2891
2727
1547
8545
4825
2071
5819
8181
9241
51
1205
7345
7590
7416
4208
1571
246
8053
7918
8180
5517
6272
1938
8862
2337
5365
4178
2892
1757
6384
2478
1232
1513
4926
4496
7962
474
2719
9188
2760
5558
5663
2506
5081
1323
1701
3225
5911
1408
1435
5382
7092
348
2543
7861
9203
7254
8137
207
8443
8188
6286
1366
887
5336
212
4437
1026
2560
9784
587
338
6701
2108
5993
2193
190
9093
329
7156
3262
9140
7458
1109
6867
8259
2362
2452
745
4818
1595
7102
1582
2594
1913
4444
4031
6067
5426
368
2451
121
7639
9003
1510
4900
7787
4050
5209
9648
153
226
6472
3977
4987
3137
7324
8259
808
1320
5186
9866
4861
3662
2987
5894
5648
1670
3717
9553
625
6396
1579
9323
4529
9931
4201
205
343
7635
9155
8317
6657
2505
5381
5570
6216
3856
2333
8889
5128
2055
7705
87
6702
1762
7979
9344
3426
3725
9732
8391
3367
2830
9744
1718
8161
2299
9278
9312
1830
4940
8707
2630
2056
5538
783
1431
4034
24
880
5227
5505
1225
4646
5714
1221
2819
3271
3768
8824
2538
3859
2653
8863
1167
6810
5906
1998
9442
4925
7557
9520
4038
5075
545
9591
7796
2685
6960
8737
3411
6476
1091
8684
6167
8801
3795
4395
6023
5637
2568
4746
8660
4330
7530
9726
4518
8242
6455
7761
1624
5774
6468
860
6312
602
7063
757
1912
8615
7140
796
4632
1001
7335
1361
2840
9410
9266
2376
9416
4686
6807
6815
2339
4129
567
8751
1003
9566
3900
8193
6038
1210
7157
5171
922
4928
384
843
5749
8709
4845
7020
7616
1935
2479
9559
9668
4930
2182
3187
1582
5627
1820
4448
5215
7152
4429
5064
2055
1911
5818
7063
6803
8759
5855
4716
5876
6061
212
6161
5795
6159
5297
7160
4066
1286
2085
326
6468
3031
4953
2261
1647
3730
7216
3620
6929
4816
2434
6273
2417
2006
8521
1930
4968
3471
3915
864
4191
2073
7754
6814
1002
2302
8841
5609
8998
2198
448
6199
5519
3371
7873
2437
2053
2637
3035
3028
2976
6679
7486
6323
145
3874
1521
8611
1275
9608
7809
5159
2194
1100
2955
5626
4483
5992
3708
4166
740
647
599
6274
3261
9284
3591
3963
8552
514
9125
7927
6852
9822
4843
6566
1072
2674
8602
1178
3398
9580
6361
1016
5062
7950
4495
1982
9045
4230
484
6504
5397
2673
7075
5134
8599
3324
9874
6193
4670
2203
5765
9062
678
2237
416
8529
7109
864
5051
262
401
3313
9051
9259
2978
3655
5326
9058
4424
8769
2103
3702
688
2684
3148
3924
6292
7257
9612
8653
17
7071
7508
3736
9037
6669
6932
5613
712
9267
2126
4751
3810
9953
9406
890
2206
5919
1600
2749
4517
575
2158
7017
9342
5152
825
2044
1868
2069
8043
1047
7512
7317
411
7510
673
9540
3312
8625
418
8770
5353
1790
4851
9555
7148
6010
9554
9743
973
5512
5683
9834
1057
6809
4629
7382
852
7149
9480
2423
1064
2184
620
743
9264
9736
1259
9260
2524
5782
9770
327
3461
7851
6139
6926
1579
4901
2375
2957
5372
3595
5674
4872
9864
3613
5904
9508
8243
3455
207
503
1387
8280
580
3516
2059
2485
6162
683
5423
7171
1160
8793
9449
9358
7219
556
4356
5251
1332
1762
9926
5965
1939
7075
1995
2606
8596
35
1215
3435
361
9405
2380
2958
248
3564
6598
9926
4910
7883
755
3057
4756
784
5055
2061
2866
3684
5022
6620
3169
2423
1267
8150
1621
8737
8753
9139
379
4764
5024
7817
2110
1440
2531
7250
7488
5487
3879
8946
9496
1379
6846
8344
6807
4052
3517
9971
3712
3230
5475
3207
5175
4034
299
3935
6024
5836
8259
4901
7772
7862
8126
3888
2855
907
7143
6830
709
8413
6408
226
535
3675
2681
2575
1336
9181
1276
2582
8389
2562
8265
4924
9645
8525
3894
896
3381
4635
4825
4523
7839
3560
3249
1657
6923
8547
4945
2007
9934
4303
2655
8238
6643
955
6828
2703
5680
4051
1812
1486
6922
2568
2761
5252
491
3423
4891
7632
1619
9542
6811
46
956
1692
9088
3227
35
1553
7017
7736
4660
9019
900
173
2293
6922
2975
319
3254
7679
7341
997
3494
2281
6219
615
2170
1855
5939
1000
2826
9717
465
8150
812
4921
8612
655
374
9101
6791
9143
1534
7418
7089
5319
9955
658
2698
1656
8018
9143
3279
9216
7522
2715
1015
2076
4145
4247
7350
8879
8786
8000
2690
4618
6103
8743
7989
5325
3052
6815
5587
3228
3908
8260
4204
2917
7960
8762
2692
5889
8940
356
4849
2506
9812
6871
7413
8108
7496
2158
9244
174
5444
9215
9976
8179
7139
1485
7659
4108
109
9536
4308
7168
6750
370
3967
1535
2633
7051
6470
8531
9373
8831
4940
3784
870
1430
2492
9054
8311
8908
2173
7581
1207
4634
8393
4968
2010
7077
9566
7668
4978
8550
1748
2779
8341
8170
4064
7996
1696
2251
3736
8038
4908
9374
9016
8693
5360
5054
3989
5435
8759
4489
9264
2051
5876
4745
7438
226
6579
2278
8853
7694
6322
7130
7353
3748
1968
3382
6456
4613
2564
5843
8242
4737
9985
699
205
2199
7640
88
4760
2410
1551
6189
8543
8328
1713
2021
8958
2136
1095
3912
7705
1362
4197
4997
1852
3940
9767
8860
1838
5793
4045
5755
4396
9132
4053
6044
1443
1990
1768
6397
7245
9781
2712
1360
5072
6645
2377
7076
7155
755
2508
9940
1507
5175
3892
8318
2165
1858
1651
1990
9644
5897
180
1900
1725
3601
8175
4251
1633
5083
3192
1988
4540
1985
1576
8491
8188
1026
1217
815
4115
778
2156
2848
9912
3894
6550
5244
7563
647
842
6827
5272
8613
6400
2332
2110
7925
5655
2527
2881
6750
9822
6852
9324
6408
5258
3364
7659
2054
4051
5055
1511
9846
1919
3493
1315
7767
8547
377
6903
6394
6647
6419
1163
348
7833
5396
2551
6531
1413
2608
7097
7750
3732
2967
2166
6770
6947
7364
7524
3034
5318
3594
1671
9167
5916
5563
75
3601
3187
300
9698
8756
3375
4949
5725
9606
9304
3117
5168
4016
2610
7366
9394
5404
1154
8756
8754
2502
3149
4707
3328
1062
1922
6682
6507
1196
2651
5579
4823
1996
5167
9741
5042
3101
1420
2203
6102
2077
4260
3966
7201
6855
8021
9736
9155
5287
6318
6323
7128
6605
5375
5210
6584
1489
4928
6549
5819
9190
8404
2891
5696
3505
1647
6483
9919
9436
7253
2492
942
5542
4149
8398
8241
6158
4199
8256
8966
9536
6546
5292
448
3326
6753
8751
306
1763
5094
6341
4526
4884
7232
2453
3262
776
9481
3688
9203
6874
2355
4032
7628
3276
9044
551
5770
3213
8239
1525
1217
3006
7157
3431
6993
482
8188
812
6246
3749
111
6721
9901
1887
2038
2047
7897
9176
1383
2035
1812
238
7053
2335
2281
2340
1480
9312
9618
6718
3317
3744
5965
4346
4864
6028
165
6065
8359
9704
7662
1407
4592
9265
7104
2910
6270
2291
3176
3402
832
5885
5628
6225
3915
5746
2525
5289
8153
4481
4738
1702
385
1943
306
8764
8841
2051
8482
5474
4794
6570
6544
9720
83
301
879
6378
1152
6632
6949
869
9933
1580
2577
3402
2661
975
7488
6769
5456
3378
1202
1680
9244
5987
2840
4187
9658
9684
5585
8750
8333
8156
854
6393
2287
7069
3858
9819
3989
1350
262
8322
7716
9145
9708
514
9716
2031
9498
8612
3939
7003
6969
3729
1933
4108
5367
2336
4811
3559
4698
572
2057
4037
8358
8457
9373
4329
3792
3704
8165
5556
1204
2457
8447
7820
4724
3712
3119
8522
7922
1980
3853
36
6817
644
4877
9067
1190
8722
7027
3061
2468
3029
3430
3853
4489
1201
3668
521
3555
4842
9302
9500
6599
9297
5014
1597
7683
1021
1454
8425
5330
1822
2371
1909
8944
9855
3970
4758
654
7114
426
8484
9593
8384
2154
5612
1718
936
7196
533
8369
5752
1874
5189
3702
5890
9999
5381
8223
641
3850
7010
1328
277
831
1270
8367
7898
6726
2375
1767
2303
520
2109
2959
2470
6783
7386
1255
9463
3373
8469
1347
827
896
8535
2347
4774
5684
8826
9409
9875
2746
5151
5957
9878
3032
3215
758
4254
1201
